0.594281638273969 0.661180275259539 0.0218397423159331
0.330357650760561 0.420940805226564 0.183296476025134
0.186483782017604 0.309597427258268 0.390146105084568
0.874359639361501 0.0258397210855037 0.258819872746244
0.549577453406528 0.360063157510012 0.836119855754077
0.51373602822423 0.794431531336159 0.228530031861737
0.54251758242026 0.431984468130395 0.799366569379345
0.872668734984472 0.899543895851821 0.379056101897731
0.273325449321419 0.980887080542743 0.839089361252263
0.896384439431131 0.17068383237347 0.839129567611963
0.597285743569955 0.622916271910071 0.540285147260875
0.948345644865185 0.602103296434507 0.687031588051468
0.39718946418725 0.248159653274342 0.132402919465676
0.827676887856796 0.725416593486443 0.0968784892465919
0.28883745148778 0.389760015998036 0.114073903067037
0.225475848885253 0.788537541870028 0.759219695348293
0.270817807409912 0.317367989104241 0.5508208272513
0.540200604125857 0.178929100977257 0.987267192918807
0.185707959812135 0.995615558000281 0.691232090815902
0.456104080425575 0.350514236837626 0.350378868402913
0.598842119332403 0.117763821035624 0.031182884471491
0.297650975640863 0.736148360418156 0.851189652923495
0.84274387685582 0.0810590018518269 0.334901640657336
0.813452534144744 0.652983236359432 0.172551333671436
0.772789600305259 0.987423500046134 0.585952880326658
0.056022954871878 0.67920536804013 0.0686799606774002
0.225199716398492 0.427315105684102 0.769525795942172
0.152431015856564 0.928948734188452 0.59799320762977
0.804720214568079 0.775260962313041 0.48668370465748
0.257854564813897 0.197758469730616 0.531196663621813
0.607500892598182 0.974058285122737 0.758826612727717
0.238441068213433 0.588043585885316 0.881679790560156
0.436780307209119 0.873402088880539 0.0415932268369943
0.607496781274676 0.84993258677423 0.152558048255742
0.922867760062218 0.257105020573363 0.0128193506971002
0.811418651835993 0.216701725730672 0.439465430099517
0.90410586562939 0.413368729641661 0.735784329939634
0.89770634798333 0.838463719934225 0.604375678347424
0.484366032062098 0.752994287759066 0.325375466840342
0.674526619259268 0.854950273176655 0.0331063214689493
0.319428044138476 0.901032548164949 0.640453863190487
0.714355176780373 0.485697737662122 0.0959394264500588
0.0972693003714085 0.415162014309317 0.32658972707577
0.510064827045426 0.639154209755361 0.183895393507555
0.676492193713784 0.716485464712605 0.373750847997144
0.779936408391222 0.138389861444011 0.699417150113732
0.098884011618793 0.751031561987475 0.68270975491032
0.140151414787397 0.674389991676435 0.633240332361311
0.568096338072792 0.752590774092823 0.789148823358119
0.424608254805207 0.184018743922934 0.0853847980033606
0.331767993513495 0.873869145056233 0.345748262247071
0.124912293860689 0.968416635878384 0.734214938012883
0.188225110759959 0.619561617029831 0.673747338354588
0.921932787634432 0.802489949855953 0.041313998401165
0.422990404535085 0.127963536651805 0.487889436073601
0.0930979994591326 0.0627153194509447 0.576058504171669
0.598264147760347 0.871577757876366 0.882466003298759
0.459484890801832 0.793369685532525 0.14082532771863
0.584852507105097 0.680116032250226 0.652749846922234
0.337926836451516 0.494290494825691 0.543571227928624
0.338794471696019 0.698741359170526 0.0754287843592465
0.320131853921339 0.220427595078945 0.0429227475542575
0.843663460342214 0.855443582171574 0.336497250478715
0.459839055547491 0.986738699022681 0.579471284989268
0.750767325749621 0.163297205232084 0.156258678762242
0.194628856843337 0.207610237179324 0.448099665343761
0.377620924729854 0.0387512370944023 0.14323139959015
0.128446677466854 0.412018612958491 0.971401678631082
0.129725533304736 0.270015724003315 0.805053866934031
0.958410655148327 0.137706043664366 0.187806589528918
0.955577769549564 0.926059517310932 0.206410945625976
0.100151558639482 0.496984799625352 0.1068105828017
0.744718763977289 0.62010147003457 0.83801495982334
0.145970561774448 0.632961680414155 0.417895058169961
0.781504946062341 0.0541407780256122 0.754567436408252
0.603399907704443 0.333195872372016 0.119244078407064
0.803591215983033 0.0985546829178929 0.520061828428879
0.178292559925467 0.0207277240697294 0.236729789758101
0.71312382700853 0.441089886939153 0.882763895671815
0.808966571697965 0.161633270792663 0.912133129779249
0.569580127252266 0.830932484939694 0.6472369346302
0.181769338902086 0.824833610560745 0.7729956144467
0.481065541971475 0.55660623149015 0.988138594198972
0.713342536939308 0.0354609575588256 0.319177835714072
0.00767414108850062 0.881017125910148 0.110376145457849
0.690673754317686 0.444451119517908 0.657176501816139
0.535054145613685 0.703290643170476 0.891644643153995
0.324361664243042 0.856637348188087 0.67386103165336
0.242947400314733 0.0221999008208513 0.685636270325631
0.430858699372038 0.268324033822864 0.400047653121874
0.917733552865684 0.338356244843453 0.593820478068665
0.773811241146177 0.407371441135183 0.446211410919204
0.681490379618481 0.702819267753512 0.959939233027399
0.33355137752369 0.985846684779972 0.323949085082859
0.0930413608439267 0.487385854357854 0.915912535740063
0.487569141900167 0.623055291594937 0.571373183978721
0.244242293993011 0.386627955362201 0.589820080436766
0.28084300714545 0.407340951031074 0.389617099193856
0.955009311437607 0.70767765538767 0.824256310006604
0.72360400040634 0.128847891464829 0.441470129881054
0.427855384536088 0.294700051192194 0.32648531650193
0.494994903216138 0.654186125611886 0.918099022470415
0.795484812464565 0.40571922250092 0.0740372003056109
0.142259421292692 0.197371648158878 0.414528214372694
0.764620777219534 0.14611915149726 0.313478132709861
0.91163111384958 0.738238264573738 0.356642745900899
0.283205467741936 0.442677881801501 0.132976343389601
0.801602473249659 0.495469743618742 0.682275176979601
0.781014534179121 0.624207798391581 0.169531704625115
0.00811520800925791 0.754867393523455 0.552452772390097
0.434564889175817 0.749191761016846 0.855330391554162
0.21939820703119 0.434410179266706 0.894172698492184
0.391367879230529 0.330556062748656 0.430734218098223
0.292658655438572 0.118270038394257 0.0817899752873927
0.11083853780292 0.509052576264367 0.272360190749168
0.364005785668269 0.260301288217306 0.848873967537656
0.815750759327784 0.946117889834568 0.73254995374009
0.912654184969142 0.527601066278294 0.0136240762658417
0.342276373878121 0.129434560192749 0.346696051070467
0.449562416877598 0.51376112177968 0.324215707136318
0.714185828110203 0.3245453403797 0.96166137047112
0.326268368167803 0.670108687132597 0.61716279014945
0.872205838561058 0.690727126551792 0.475856420584023
0.458440141286701 0.218480529729277 0.899548696354032
0.15757341706194 0.165507056051865 0.272771743359044
0.0333552381489426 0.013624393614009 0.730423354776576
0.113164655398577 0.0417499432805926 0.0642904825508595
0.682586155366153 0.399968728423119 0.732602762058377
0.522484509740025 0.800038830377162 0.844950157683343
0.522887330502272 0.652977890567854 0.61702866689302
0.477533913915977 0.162530477857217 0.937882835045457
0.456252695294097 0.170194602804258 0.743105240166187
0.468061352381483 0.0407528155483305 0.843931161798537
0.578594475053251 0.474651277763769 0.303565360140055
0.368507049744949 0.883709400426596 0.42639072984457
0.813413889147341 0.270990431541577 0.876640238799155
0.629305031849071 0.33335386030376 0.0685369926504791
0.0264063372742385 0.0280729685910046 0.494982569944113
0.640329294139519 0.911936850985512 0.860394041053951
0.0408637423533946 0.422963125864044 0.29510682541877
0.54449637257494 0.145866378210485 0.853124377317727
0.686027031391859 0.365207615075633 0.821895276661962
0.657707339385524 0.314369695493951 0.951484344433993
0.617946572136134 0.280008789617568 0.901809972710907
0.134981243405491 0.642976727569476 0.136869040550664
0.137879478279501 0.964481184491888 0.732024756958708
0.267853630473837 0.955927402479574 0.474370156181976
0.573271036380902 0.663622991647571 0.10754492203705
0.0262116030789912 0.115571918198839 0.476951201213524
0.631725974846631 0.231158945243806 0.130525234388188
0.294671557378024 0.459700279636309 0.385449009714648
0.00992417940869927 0.0181941846385598 0.607343628304079
0.932070961454883 0.0998082214500755 0.0856148623861372
0.871851782314479 0.0915433065965772 0.804847243707627
0.39877468929626 0.279626131989062 0.463738166261464
1.55649613589048e-05 0.159253751393408 0.45401277160272
0.267808558419347 0.935137739172205 0.164600695017725
0.0909884385764599 0.415482461685315 0.949344605207443
0.423453262308612 0.428738163551316 0.117011276073754
0.495541376527399 0.405671105021611 0.845600027823821
0.472492975881323 0.126241110963747 0.79826994985342
0.133018084103242 0.834117141552269 0.744747006334364
0.551376726245508 0.615676190005615 0.724585575982928
0.89100084011443 0.261063708923757 0.824401319492608
0.882323084631935 0.145627487218007 0.967135882237926
0.305168083170429 0.98927073716186 0.631328476127237
0.516527342377231 0.856362574966624 0.644764368887991
0.736130858073011 0.578968767775223 0.434376840246841
0.240718452492729 0.00115039176307619 0.994891037931666
0.545921005075797 0.292284458177164 0.538219158304855
0.800896381493658 0.550336657324806 0.474694924196228
0.846323336707428 0.928401237120852 0.714089980814606
0.596570685040206 0.799758287845179 0.153961536474526
0.457727992441505 0.475111043546349 0.290929357288405
0.326719652628526 0.79765937407501 0.6765876642894
0.535456617595628 0.14441878022626 0.936007401673123
0.893118706764653 0.0926912692375481 0.885280212620273
0.481458109337837 0.0420902683399618 0.253180739469826
0.842120131012052 0.24310745857656 0.207076399121433
0.283564089564607 0.787995418068022 0.704532446572557
0.6252483043354 0.308299748459831 0.593955173389986
0.117954320041463 0.495901866815984 0.454283797647804
0.774433947633952 0.0894380796235055 0.462037535849959
0.996836306992918 0.88616994721815 0.0231623395811766
0.841746781487018 0.553920169360936 0.925825622631237
0.674851218471304 0.286184440134093 0.560025922954082
0.101937175262719 0.733899729093537 0.360899942694232
0.722810590174049 0.287999286316335 0.00595438736490905
0.824368971399963 0.435574153903872 0.374703593552113
0.346123291412368 0.0562412294093519 0.409220049856231
0.39250148111023 0.0868349033407867 0.209943494526669
0.0286367856897414 0.418679046910256 0.846745271934196
0.100305541884154 0.210949359461665 0.486276714596897
0.355375183280557 0.359217697288841 0.138533777557313
0.653649628162384 0.0165548014920205 0.856797522632405
0.841815565479919 0.16882354253903 0.932965086307377
0.723696917295456 0.803126152371988 0.77146365493536
0.948029086692259 0.351489711785689 0.31688800547272
0.720224084565416 0.508017747662961 0.0468607929069549
0.0334294540807605 0.237609864678234 0.110500545939431
0.818601096980274 0.158297734567896 0.0993054409045726
0.915635540382937 0.247013009851798 0.615107175894082
0.226401465712115 0.605602764990181 0.581236816942692
0.9422767017968 0.140632521361113 0.434897085651755
0.329804709879681 0.752830983139575 0.5495289710816
0.636242958484218 0.0442316443659365 0.746192565420642
0.152531710220501 0.644595733610913 0.888998573413119
0.453659549821168 0.558452956611291 0.173610404133797
0.0417497700545937 0.407050085719675 0.697599947685376
0.324382494203746 0.520584099460393 0.137586863478646
0.0747032028157264 0.0021201076451689 0.67200714093633
0.918622660683468 0.338817598531023 0.914729113457724
0.0415919274091721 0.265137395821512 0.535833594156429
0.188678224338219 0.397469124058262 0.908044472103938
0.474159411387518 0.85839661420323 0.0488840669859201
0.841507704928517 0.0844654180109501 0.210890125017613
0.345479989890009 0.766388431889936 0.937740796245635
0.449660304468125 0.262676179641858 0.101507478160784
0.455422925297171 0.561377947451547 0.437146671116352
0.487392083043233 0.45658210827969 0.562023975187913
0.0229083253070712 0.594481431413442 0.976927197305486
0.377819471526891 0.0104096527211368 0.720348516944796
0.257744154660031 0.226964399684221 0.687531566945836
0.272783596301451 0.984281394165009 0.494734491221607
0.254131508525461 0.865476282546297 0.363453083671629
0.567520938580856 0.130042757373303 0.504492877284065
0.689528151648119 0.651725218165666 0.833963377634063
0.77987076039426 0.332111516967416 0.617613509763032
0.889877726323903 0.834813600406051 0.899769199779257
0.142181370873004 0.697429740335792 0.218572774203494
0.237818394089118 0.153798132203519 0.91196614690125
0.604959301883355 0.408391519682482 0.319373205769807
0.0686191327404231 0.109982549445704 0.648535774787888
0.0178762178402394 0.198989273048937 0.0723026795312762
0.834227157058194 0.538543517002836 0.514081966364756
0.687280828366056 0.11106144846417 0.676470784004778
0.273578454041854 0.26109673990868 0.509281676495448
0.744849474169314 0.9062328285072 0.170320341363549
0.592167471768335 0.604452413506806 0.213256061077118
0.79310642182827 0.764911749633029 0.722883713897318
0.744208242744207 0.351147874258459 0.600928289582953
0.459252536529675 0.597269855672494 0.448906685691327
0.0476982402615249 0.967527641914785 0.982745682355016
0.465612354921177 0.984043318079785 0.481979893753305
0.424580772640184 0.931301538366824 0.602122829062864
0.862206224119291 0.262385871494189 0.181560341035947
0.745449003996328 0.3497671301011 0.253566491417587
0.960877777077258 0.454099025810137 0.034778326516971
0.370321209076792 0.760519289877266 0.879687536740676
0.15905604348518 0.00889078620821238 0.886233185650781
0.0579007975757122 0.849051523953676 0.344361174385995
0.52898687729612 0.486795754637569 0.0385623916517943
0.931450756499544 0.223212259123102 0.928233457263559
0.382323923753574 0.604495112784207 0.368195647839457
0.622491372283548 0.959466744214296 0.722415249561891
0.951115616364405 0.937582112150267 0.925466303247958
0.66077431011945 0.723819623934105 0.764432726427913
0.47273043054156 0.369034633971751 0.945451653562486
0.26419627526775 0.431759983533993 0.375861640553921
0.85837820568122 0.60488462029025 0.279783311067149
0.427513224538416 0.210887359688058 0.380291973240674
0.88777689752169 0.497100938577205 0.965570367174223
0.297861529048532 0.921160936355591 0.973366543883458
0.575688731390983 0.720448262291029 0.092960978159681
0.261539024533704 0.590937632136047 0.452114212326705
0.461384376976639 0.955801272997633 0.220499067101628
0.735113845439628 0.030433553038165 0.82120570121333
0.30833912268281 0.098420319147408 0.803587314439937
0.163391586393118 0.81257553701289 0.973772019380704
0.581596338190138 0.282937329029664 0.121051609981805
0.545895562041551 0.525238445261493 0.544073462719098
0.754393071634695 0.436345394933596 0.119654230074957
0.458156765671447 0.216980701778084 0.687950565712526
0.20494637475349 0.308785918867216 0.668547217734158
0.795989248668775 0.482017287518829 0.411384175997227
0.485401985701174 0.336434987606481 0.614827517187223
0.865590533008799 0.852043746737763 0.119547213427722
0.0564137226901948 0.420429429039359 0.686032746918499
0.346078108763322 0.316462991759181 0.834297948051244
0.137656058184803 0.358952454524115 0.915853179059923
0.627498304471374 0.0626845117658377 0.154068148694932
0.54596381704323 0.736810516100377 0.925410195719451
0.198952834587544 0.0999013583641499 0.188403754029423
0.285670007811859 0.526128652039915 0.302427878603339
0.0714999989140779 0.835082581965253 0.493187791202217
0.3495665602386 0.169477753806859 0.138569712638855
0.291240560589358 0.343991926172748 0.791904917685315
0.569284308701754 0.084148894296959 0.0184812643565238
0.441253489349037 0.674168654717505 0.625933453207836
0.746616642689332 0.761611265828833 0.538350349990651
0.311531437793747 0.0474573252722621 0.514233680209145
0.122569755883887 0.531547351973131 0.246627383166924
0.928633548086509 0.541331723798066 0.539047154830769
0.322528954362497 0.225684829754755 0.213242532452568
0.320453307125717 0.159537047147751 0.00309993443079293
0.0826730611734092 0.122502945596352 0.462693584151566
0.118654013145715 0.780815042788163 0.387638451531529
0.348502094158903 0.261749699013308 0.942988333059475
0.182514289626852 0.449192608240992 0.567817711737007
0.25961040542461 0.455861094873399 0.392267914488912
0.515168963233009 0.490221852669492 0.93380291829817
0.982964695431292 0.918667176505551 0.284671287285164
0.977170767029747 0.53634659643285 0.743783076759428
0.514180712401867 0.288723347475752 0.367706915363669
0.244750916957855 0.130938604939729 0.546964067500085
0.878033618209884 0.335062315221876 0.396337679820135
0.356540760258213 0.112373270327225 0.954272967996076
0.0695083008613437 0.769396407995373 0.930984378559515
0.0317055175546557 0.967876070411876 0.582339997868985
0.532196850283071 0.157263085711747 0.111147085437551
0.43847454409115 0.237661031773314 0.850695724133402
0.28375737904571 0.28360402956605 0.326447197468951
0.143759076017886 0.678041797596961 0.159319773316383
0.991137200966477 0.924575266893953 0.151624883059412
0.975684636039659 0.754345009569079 0.512195780873299
0.945271928794682 0.982593978056684 0.676609405782074
0.195384698454291 0.468094923533499 0.772292108042166
0.225152699742466 0.356996191199869 0.70359425758943
0.61657429439947 0.146002352237701 0.949505848577246
0.733197038993239 0.337866921909153 0.653914229711518
0.442656144266948 0.70318264560774 0.0959973365534097
0.912545228609815 0.745418802136555 0.615146853262559
0.312316681491211 0.943069743458182 0.757013302529231
0.65404052939266 0.956503430148587 0.00806560716591775
0.499727526446804 0.213918063091114 0.215111600002274
0.999320118688047 0.74564928538166 0.329794005025178
0.883990863105282 0.0250972644425929 0.325004129903391
0.783168160822242 0.298123794840649 0.400945557747036
0.454486894886941 0.188019352266565 0.958948555169627
0.794030646560714 0.871801019646227 0.457028781995177
0.456316911615431 0.284020001068711 0.814162030117586
0.0569206837099046 0.109813036397099 0.633361054118723
0.162111014826223 0.212259710067883 0.957233833847567
0.468998800730333 0.955729935085401 0.89947220031172
0.156843394041061 0.801136476919055 0.619822402251884
0.435285352636129 0.826694122282788 0.600124036893249
0.573905887082219 0.801583469845355 0.820238714106381
0.671674509299919 0.833195772022009 0.0791045050136745
0.516422182088718 0.819163579493761 0.736434887861833
0.412429998163134 0.940477464813739 0.389886084711179
0.869272558251396 0.955604877555743 0.947393135167658
0.59122576797381 0.793723838403821 0.772040437441319
0.231496781343594 0.294601163594052 0.999523223377764
0.133788333274424 0.643752648960799 0.348251626593992
0.721016913419589 0.661694099660963 0.211463578976691
0.127496378030628 0.729469758924097 0.0523389533627778
0.266031617764384 0.891513338079676 0.598823443753645
0.809298239182681 0.726215395145118 0.775963972322643
0.183388055535033 0.538927525514737 0.000212026294320822
0.197724250378087 0.782208152348176 0.516176784411073
0.484936578664929 0.539361739996821 0.907033300958574
0.452551620779559 0.818458047462627 0.88738765171729
0.714820787776262 0.575110163772479 0.846601526485756
0.968080150196329 0.0196736291982234 0.979795566061512
0.640376865165308 0.783784807426855 0.451359564671293
0.605021907715127 0.628923648502678 0.0819002038333565
0.367641774006188 0.942642819136381 0.55045437766239
0.263321890495718 0.717065001837909 0.315556740388274
0.635035838698968 0.240035910857841 0.790848015341908
0.870056932326406 0.0506400212179869 0.591823770431802
0.452372047584504 0.134261493571103 0.341513330349699
0.785579844610766 0.728891645325348 0.382416957058012
0.832807678962126 0.332952044438571 0.480507609667256
0.638854934368283 0.86066217138432 0.883102115010843
0.710332453949377 0.311116477008909 0.172691490268335
0.0511287830304354 0.0113702130038291 0.000869120471179485
0.191505204653367 0.973904446233064 0.385189509717748
0.695763557450846 0.427706824615598 0.249891228741035
0.690383393783122 0.814432769548148 0.353210968663916
0.160408675670624 0.227668473264202 0.396937876008451
0.269563044421375 0.819113621953875 0.721710692625493
0.463125992100686 0.0973547317553312 0.00684431684203446
0.895854565314949 0.545940769137815 0.855470167705789
0.827765837544575 0.085831095231697 0.567904014140368
0.763297353638336 0.34940424002707 0.222194338683039
0.368075102800503 0.950804616790265 0.948276189155877
0.757179538952187 0.116266703465953 0.646151012508199
0.95593248330988 0.011613663751632 0.195587059250101
0.877192294923589 0.154517026385292 0.484704846283421
0.649501638486981 0.899398148525506 0.480443994514644
0.361424383474514 0.121959464158863 0.904312080005184
0.619810117408633 0.915502645308152 0.164408478187397
0.0181163384113461 0.47493157768622 0.68978892499581
0.817618988920003 0.672357137314975 0.338308721082285
0.920083476928994 0.115671989042312 0.839294547215104
0.844072132371366 0.545828985283151 0.609892503591254
0.928652629256248 0.507559062214568 0.249926652293652
0.598697958281264 0.110620088409632 0.03216263349168
0.343291615135968 0.682990435045213 0.331418409245089
0.573425189824775 0.399303564801812 0.789017526898533
0.358224035706371 0.690276752226055 0.0109865951817483
0.639033305691555 0.572412132052705 0.581145909614861
0.810600280528888 0.0246895959135145 0.233820145949721
0.940448907669634 0.496254348894581 0.208140678703785
0.712744561256841 0.0305437119677663 0.190231943503022
0.57040801178664 0.675318043213338 0.990594643168151
0.950799236306921 0.309645131928846 0.965134606696665
0.181377934291959 0.0488723653834313 0.846482309978455
0.553135407390073 0.190932835219428 0.855554418405518
0.800778080709279 0.833607306936756 0.580740964505821
0.720892514102161 0.643406671704724 0.576560355722904
0.449650484835729 0.0850818280596286 0.779064991045743
0.323692387202755 0.935662540141493 0.73902818444185
0.669811563100666 0.658122354652733 0.529728150460869
0.655943148303777 0.25413442379795 0.602625339990482
0.845486648380756 0.238806016976014 0.274086896330118
0.780442060437053 0.904346984578297 0.152739261742681
0.272795088356361 0.763420383445919 0.401940201641992
0.238399243215099 0.505309028085321 0.968096147524193
0.693757728673518 0.804106660420075 0.284293107455596
0.0230194409377873 0.442422076826915 0.761975538916886
0.429566159844398 0.306249065091833 0.0751255666837096
0.868780300254002 0.0159801950212568 0.64076960249804
0.4624947772827 0.291381898336112 0.598719955654815
0.944774316623807 0.460282534826547 0.128370778402314
0.593395257368684 0.161492329323664 0.655597615754232
0.522584694204852 0.131268457975239 0.201151538174599
0.773072856944054 0.863363883690909 0.0665130543056875
0.464879625942558 0.317945146467537 0.049988386919722
0.359491416020319 0.524470624746755 0.499559740535915
0.320775750093162 0.360144208185375 0.698818871052936
0.375234276754782 0.108892324846238 0.469069960992783
0.661391014466062 0.961160556180403 0.16079865465872
0.858903412008658 0.358228151453659 0.0838982029817998
0.721002532169223 0.217362188966945 0.0372316131833941
0.729747472796589 0.794675521785393 0.56358664878644
0.293887569801882 0.602837362326682 0.896657732548192
0.924198286375031 0.229431133018807 0.508175642229617
0.704587972955778 0.0447463521268219 0.310447870986536
0.702938061673194 0.835322736995295 0.368774122325704
0.829020828241482 0.0622339921537787 0.641875705914572
0.915220392867923 0.227927815401927 0.685532325878739
0.341837778687477 0.299196651671082 0.482211476424709
0.0207414962351322 0.832606573589146 0.530148786259815
0.0482994029298425 0.433308510575444 0.872257374459878
0.211015476146713 0.81755729066208 0.0641981523949653
0.372670023003593 0.105692905839533 0.0960784452036023
0.638449669117108 0.272260196739808 0.248703925404698
0.498435367830098 0.109335004584864 0.35976850008592
0.749684152891859 0.747435762081295 0.67276581726037
0.163881824351847 0.726405219873413 0.928532596677542
0.0976636600680649 0.635598504915833 0.375051607610658
0.413723492063582 0.0995380368549377 0.367558694910258
0.16204124619253 0.863615115871653 0.0185931753367186
0.92516557732597 0.648200075374916 0.841150711290538
0.188573708990589 0.971547124208882 0.0500248256139457
0.726249116705731 0.870616663945839 0.42290662182495
0.402715196134523 0.88692747685127 0.103931478224695
0.0995209938846529 0.970305750379339 0.59780940762721
0.657732160296291 0.232863176614046 0.245212748181075
0.828640351304784 0.772384016308933 0.245124710490927
0.92629409302026 0.0646699878852814 0.0738081673625857
0.401328381150961 0.590733202872798 0.616635954007506
0.667065549641848 0.79363456950523 0.0440759642515332
0.701275951694697 0.4752912374679 0.450271987356246
0.105271058622748 0.0513477835338563 0.641373090445995
0.0211849552579224 0.297408228041604 0.379485415760428
0.384743319125846 0.178596889832988 0.298742825631052
0.196811561007053 0.645986085059121 0.867099334485829
0.172592226881534 0.12212983914651 0.69497889559716
0.562857867917046 0.243380473228171 0.496801329310983
0.466997294453904 0.185385160380974 0.107279679505154
0.873852879507467 0.154511939734221 0.68730229139328
0.786913213087246 0.94773366721347 0.408908333163708
0.274445802206174 0.862930321134627 0.576372754527256
0.361386260250583 0.976403728593141 0.101331103593111
0.733627829933539 0.158915293170139 0.278026739368215
0.276387028861791 0.184577341889963 0.052357504144311
0.11292503029108 0.913044455694035 0.938797306036577
0.0544550961349159 0.27807122352533 0.27456247410737
0.915304825408384 0.897301105083898 0.135670090792701
0.520762400934473 0.940237698378041 0.158923796610907
0.65187294059433 0.246058523887768 0.0924292108975351
0.312802788102999 0.434997414937243 0.308497053571045
0.896894672187045 0.146603344939649 0.41851896001026
0.646742294775322 0.854100381489843 0.411938190227374
0.868244954850525 0.166087470250204 0.0576150789856911
0.0166317180264741 0.703126302687451 0.940135588170961
0.349827005527914 0.793558060424402 0.242031450849026
0.659383381018415 0.915654534939677 0.247389700962231
0.612302735447884 0.596757370280102 0.00225801183842123
0.998491168953478 0.398564854636788 0.54428023705259
0.410714334342629 0.652325736591592 0.641143625369295
0.00122540909796953 0.887645383598283 0.415982150007039
0.880754119250923 0.582690556999296 0.0476395138539374
0.34769012639299 0.433012060588226 0.768955598585308
0.99943687277846 0.847661283100024 0.95258105895482
0.587093549314886 0.52567832916975 0.112699774792418
0.0369211949873716 0.509753934340551 0.0967767310794443
0.652744920458645 0.878496579360217 0.319615252781659
0.517427670070902 0.880294526694342 0.322563400259241
0.709159039426595 0.966959495795891 0.0507029588334262
0.146112677641213 0.580395724624395 0.970572867896408
0.689196507679299 0.0760680057574064 0.725142787210643
0.376692017540336 0.515244850656018 0.171938294311985
0.239458763040602 0.82789853727445 0.503675948129967
0.413067228160799 0.64589769532904 0.489851784426719
0.4058994485531 0.801825260510668 0.12314969021827
0.35124939866364 0.781244525453076 0.937680019065738
0.64968186756596 0.358145645353943 0.694420203799382
0.230487298220396 0.0162905890028924 0.549578895326704
0.912587390514091 0.44629907165654 0.280481622787192
0.405515722231939 0.830034890444949 0.798629053402692
0.766796264331788 0.547364812111482 0.429349700221792
0.340463898843154 0.0462320966180414 0.447381461504847
0.091301855398342 0.101493277121335 0.512351102661341
0.965816575568169 0.197631913470104 0.951562244677916
0.0944920789916068 0.264160938793793 0.0977830006740987
0.228303066454828 0.29097525193356 0.539365878561512
0.0558101437054574 0.167367588728666 0.0807563299313188
0.902859689900652 0.0613604893442243 0.745440774830058
0.799821124877781 0.890549656702206 0.00820449204184115
0.524537087418139 0.669998459517956 0.152624242240563
0.467484090942889 0.697528781136498 0.350777081679553
0.774533635703847 0.245732722105458 0.989075840916485
0.785482160048559 0.51931070163846 0.341371400048956
0.471511507872492 0.0625689246226102 0.65811179112643
0.337096508359537 0.350585661595687 0.215573153691366
0.35819156607613 0.712925297906622 0.214008345734328
0.710199960507452 0.00221620826050639 0.965133619261906
0.45258758449927 0.865956307156011 0.753700078697875
0.907566317124292 0.424828401301056 0.373733608750626
0.0871162163093686 0.357632205123082 0.980270005529746
0.0647666645236313 0.650140578625724 0.405873665586114
0.234006041893736 0.839376315008849 0.321085273986682
0.178443889133632 0.451063768006861 0.31037750467658
0.0281694598961622 0.117246875772253 0.0846180750522763
0.0429171002469957 0.351373713230714 0.735534432111308
0.785863819066435 0.590124561451375 0.116980313090608
0.0797159257344902 0.600984281394631 0.186653217766434
0.766221890924498 0.0221792706288397 0.999838282121345
0.0951531650498509 0.750687295105308 0.0607704282738268
0.929729348281398 0.57521132263355 0.814925769576803
0.349854044383392 0.340128212003037 0.635989868082106
0.518786781001836 0.948307766811922 0.471980579895899
0.471370621817186 0.212169485166669 0.00506390002556145
0.504310623276979 0.925248676678166 0.924299688078463
0.114052224671468 0.380933481734246 0.762685596710071
0.158273780718446 0.434163563186303 0.367427642457187
0.91304066311568 0.470956200035289 0.829551219474524
0.766981508815661 0.785931404680014 0.423956892685965
0.86301312642172 0.836297282017767 0.0131011686753482
0.866427764995024 0.446794895688072 0.549912230344489
0.58169457106851 0.721691337181255 0.459065589588135
0.519983657170087 0.184895462589338 0.900028960546479
0.499661473557353 0.451035638106987 0.461631110170856
0.516523310914636 0.203736772527918 0.965942890616134
0.773194632492959 0.392664659069851 0.300875664455816
0.173554998124018 0.319052507402375 0.714469203026965
0.594193526776507 0.94022407149896 0.566588261863217
0.336101163178682 0.106341990409419 0.500029353890568
0.591634004376829 0.521602304885164 0.512134358054027
0.491168928565457 0.449351878836751 0.956695161061361
0.0796873662620783 0.855660829693079 0.283538018818945
0.826599348569289 0.521114250412211 0.650456311181188
0.915109732421115 0.505316483788192 0.00642302050255239
0.151104910299182 0.718302236171439 0.55077596870251
0.0332706423942 0.0961562159936875 0.55943173984997
0.0095100870821625 0.29303166619502 0.246136646717787
0.339708225801587 0.44917819625698 0.880023709498346
0.45510926656425 0.0458108361344784 0.208249961957335
0.0805069401394576 0.216100502526388 0.030840678140521
0.338630239479244 0.521021492779255 0.532647913321853
0.482123807538301 0.117525927256793 0.247717254795134
0.130621558055282 0.722295789746568 0.880275065777823
0.161089702975005 0.121250003343448 0.863191245589405
0.67245293292217 0.707555409288034 0.298269548919052
0.194423147011548 0.724994428921491 0.589092079084367
0.783572465181351 0.0115182946901768 0.133802738739178
0.959005197044462 0.0853670234791934 0.226493353256956
0.957012025639415 0.621033407514915 0.431547073880211
0.257451874669641 0.0466913252603263 0.951794714434072
0.68374979053624 0.732566168764606 0.133059641346335
0.28256424004212 0.992552089039236 0.118174428585917
0.354962837416679 0.386344008147717 0.295475273858756
0.50165439909324 0.692257412709296 0.929586920654401
0.0379351447336376 0.913012105971575 0.480332374805585
0.437105519464239 0.677550407825038 0.425538206472993
0.0190676327329129 0.838276237482205 0.141328871948645
0.155640782089904 0.49259113939479 0.455937910825014
0.802496101474389 0.787629049969837 0.783439602935687
0.938776897964999 0.778179941466078 0.30478517874144
0.307196471374482 0.675007718615234 0.26157996035181
0.127402795944363 0.313427090179175 0.752633647760376
0.330991700524464 0.253075169865042 0.221703073941171
0.328264893963933 0.715736375190318 0.405064511811361
0.38490989105776 0.917210354702547 0.3942163833417
0.489322344306856 0.0213067289441824 0.207271103048697
0.27315678098239 0.20962744532153 0.394952559377998
0.46136913378723 0.834013912128285 0.00628208997659385
0.429538660449907 0.11352979275398 0.55817647697404
0.370511642191559 0.920571623370051 0.89048214443028
0.121543464716524 0.474971184739843 0.0700448146089911
0.122552231187001 0.826030646450818 0.58368552220054
0.360280929133296 0.536006222013384 0.754173882072791
0.802116787526757 0.0859317895956337 0.47553447028622
0.461956554092467 0.800751487957314 0.833004476036876
0.521717196796089 0.55139641277492 0.801956764655188
0.565207148902118 0.775605204282328 0.490543661871925
0.0606940712314099 0.670603743288666 0.649890103144571
0.235188581980765 0.818437466863543 0.831172710517421
0.27680927561596 0.141875909408554 0.316468559205532
0.302729719784111 0.170790752163157 0.0912151464726776
0.806933662621304 0.420008636312559 0.158262482844293
0.218723064986989 0.347301977919415 0.241279049543664
0.634179784916341 0.662088623968884 0.808841625228524
0.393027443205938 0.889165211003274 0.684113157913089
0.451340422732756 0.751060383627191 0.515347233507782
0.810295246075839 0.929821441182867 0.180852499091998
0.449093707837164 0.359816294629127 0.797578416531906
0.475562073756009 0.0304889401886612 0.437919686315581
0.356642646482214 0.135955257341266 0.936297142179683
0.952938574366271 0.873511076439172 0.410324717406183
0.221941308118403 0.520256423857063 0.869794974336401
0.137063648784533 0.607678259722888 0.61501832283102
0.957833227701485 0.387690291041508 0.877638775622472
0.382162433350459 0.823371110949665 0.978914988227189
0.026606661034748 0.26762780523859 0.0148101230151951
0.125518842833117 0.706010761205107 0.0647266909945756
0.811933480901644 0.991273022256792 0.265088888118044
0.749454504344612 0.0270680426619947 0.798221189063042
0.873009827686474 0.879747357219458 0.137629358097911
0.936035507591441 0.843505829572678 0.399576983880252
0.708149916259572 0.258687723660842 0.217164193280041
0.481705369660631 0.972072436707094 0.267102071782574
0.568427641876042 0.439032529946417 0.54159041820094
0.414494803873822 0.339359724894166 0.414527493296191
0.368669128511101 0.776365659432486 0.296055557671934
0.398350294213742 0.558447920018807 0.152708973968402
0.829994334140792 0.219385947566479 0.665169891901314
0.686852463986725 0.0461805805098265 0.919777470873669
0.461743483087048 0.00776217854581773 0.54452673275955
0.662588706705719 0.373090191744268 0.536000403575599
0.634485782124102 0.545800775056705 0.304293030174449
0.678757911082357 0.658316870452836 0.185501344967633
0.233588717877865 0.748018756974488 0.264591839630157
0.925142518477514 0.328255419386551 0.2781888153404
0.103926219511777 0.900047075003386 0.180912271840498
0.198544842656702 0.685786180896685 0.838161266641691
0.695874071680009 0.466909841168672 0.239334809361026
0.986745755420998 0.0400039113592356 0.816866620676592
0.811289721401408 0.247062820708379 0.101719374069944
0.471496312180534 0.780434690415859 0.613855165895075
0.85522886691615 0.658508779713884 0.874613307416439
0.262683132197708 0.549513158854097 0.75266798841767
0.661943721352145 0.938758850563318 0.906387665309012
0.729347282787785 0.0981716604437679 0.757238140329719
0.97407546103932 0.152247721794993 0.492353324312717
0.644477869849652 0.471702659036964 0.579844245687127
0.0302468563895673 0.780149231432006 0.532874970231205
0.97434408031404 0.590314775938168 0.0183552512899041
0.945798111381009 0.819846673868597 0.541831945069134
0.338536318391562 0.0122645455412567 0.406915219733492
0.908705633832142 0.0890453306492418 0.668626080034301
0.419988246168941 0.999411719851196 0.666718570748344
0.44248005351983 0.311053885379806 0.877191147534177
0.62939312425442 0.611906280275434 0.859464587643743
0.399142707698047 0.443213896360248 0.521615639328957
0.942697316175327 0.328574065584689 0.543998676817864
0.793227266753092 0.931784130400047 0.402199784992263
0.937033691909164 0.372211404843256 0.590063148410991
0.682132886722684 0.143142780289054 0.141397008905187
0.495459911413491 0.857666022144258 0.211043157614768
0.251007597194985 0.889659629901871 0.479631964350119
0.0783754899166524 0.239390371367335 0.105186122935265
0.661532949656248 0.794107419671491 0.97321099601686
0.856825868133456 0.485657533397898 0.277675649151206
0.82505068462342 0.432851111283526 0.893158114282414
0.136652220506221 0.91165645327419 0.471126891439781
0.565461604623124 0.452538824407384 0.514106058515608
0.00566228036768734 0.136791914701462 0.305895252618939
0.740736556705087 0.901045356644318 0.0734195187687874
0.605521135730669 0.529890330741182 0.283365979092196
0.983243639348075 0.0544062023982406 0.78314873832278
0.273925893008709 0.908635050291196 0.582072051474825
0.571614450309426 0.436233863467351 0.833861203398556
0.415986957494169 0.184065329143777 0.674730556551367
0.0258595326449722 0.439400829607621 0.34240572177805
0.244800095213577 0.312837065896019 0.854108981089666
0.844670494785532 0.693970792461187 0.938527353806421
0.233940066071227 0.761680322699249 0.418830848298967
0.8526442614384 0.128730915021151 0.714850768446922
0.634661300806329 0.849159369245172 0.917574229417369
0.577312016859651 0.262599785812199 0.313293942715973
0.194394004764035 0.431636831723154 0.93301074532792
0.326928771333769 0.68748763250187 0.336861844873056
0.108035210520029 0.62011650018394 0.427470421884209
0.634518972830847 0.917142101330683 0.898432122077793
0.801413435023278 0.998741870280355 0.601733217714354
0.0290444663260132 0.246984606841579 0.0363187142647803
0.403636840404943 0.0604253595229238 0.463786399457604
0.274114418774843 0.230842449236661 0.107503219740465
0.395802081795409 0.0725725437514484 0.0478862177114934
0.205416426295415 0.38891490525566 0.891671725083143
0.807243624003604 0.877878834493458 0.682774706743658
0.072577380342409 0.964472599793226 0.578552310122177
0.473237837664783 0.762883128598332 0.450786405708641
0.351556868990883 0.124912610044703 0.453431234462187
0.790994317736477 0.431940678972751 0.466252156766132
0.751895369263366 0.271919303573668 0.322754599153996
0.281677464488894 0.279497266281396 0.280701491748914
0.894270918564871 0.667643313296139 0.303778618108481
0.45458340854384 0.448071230435744 0.447081953752786
0.399714349070564 0.956354778958485 0.412225826643407
0.178697686875239 0.83240880863741 0.667273984290659
0.587189936777577 0.212695515481755 0.149441364221275
0.947853731224313 0.497126925736666 0.251550420885906
0.712162423878908 0.828628242714331 0.305962421232834
0.228500009514391 0.705344485118985 0.845331839751452
0.227220563683659 0.629084330284968 0.356812949059531
0.906560456147417 0.793540275190026 0.649387650424615
0.996841255342588 0.96160934260115 0.722872956423089
0.791879508411512 0.491970367729664 0.317493706475943
0.238808148540556 0.774916981346905 0.751629277365282
0.845359990838915 0.591151551576331 0.0355504816398025
0.415669752750546 0.563427352579311 0.75880267797038
0.726233101915568 0.367882686201483 0.320923813153058
0.235811259830371 0.990382339339703 0.0785195850767195
0.967126598581672 0.0852359323762357 0.142585218185559
0.689587683184072 0.295886602252722 0.100770094664767
0.673192110611126 0.207460316363722 0.548755180090666
0.311499439878389 0.532433588057756 0.560489031020552
0.2997102572117 0.486172770382836 0.789409617194906
0.313592121237889 0.111514838412404 0.629292502999306
0.279973686439916 0.557679962133989 0.0368607866112143
0.120360225206241 0.201142532750964 0.48856985126622
0.0955806854180992 0.32054390036501 0.768056567525491
0.238302051788196 0.496061096666381 0.22111570648849
0.99050686811097 0.750235708430409 0.812136448221281
0.385965506080538 0.0849649796728045 0.874431603122503
0.0704035516828299 0.466204022523016 0.50363640463911
0.60208224854432 0.241394318873063 0.210350115317851
0.989939657971263 0.798999827587977 0.887622893089429
0.58281276631169 0.810696687549353 0.344143998343498
0.980238303076476 0.391141925705597 0.278111045481637
0.0587059403769672 0.115947304992005 0.0182392122223973
0.188383572502062 0.107851064996794 0.639834249392152
0.780218999367207 0.540867812698707 0.164052468026057
0.631599569460377 0.448050484992564 0.429320298600942
0.369236781261861 0.64962035510689 0.579509044997394
0.514889883808792 0.303050736663863 0.771146763348952
0.110400079982355 0.0769845580216497 0.667592862388119
0.821967199910432 0.834884305251762 0.967419185210019
0.42823109170422 0.42360826022923 0.131590342149138
0.681044185999781 0.0745539283379912 0.980743204476312
0.78500266908668 0.906781843863428 0.633695051539689
0.195073971990496 0.280519315507263 0.125990616623312
0.924884352600202 0.804483191575855 0.25796855869703
0.697151630418375 0.825008361367509 0.489173679146916
0.474684200948104 0.956215913873166 0.112321433844045
0.708183427341282 0.356715666130185 0.882118534296751
0.380570578854531 0.425146937603131 0.252572877099738
0.451335059013218 0.939957386115566 0.157118069007993
0.568445636192337 0.622162668965757 0.976044674171135
0.646367893787101 0.802868247963488 0.299455280648544
0.749110428383574 0.123185363132507 0.99443312571384
0.336373025318608 0.724562528310344 0.0347847435623407
0.62685513868928 0.582865578122437 0.323311852989718
0.308868254069239 0.0466328233014792 0.923188251210377
0.723030300112441 0.720356190344319 0.614586670883
0.148455100599676 0.55286991968751 0.548457942903042
0.194375180872157 0.0926447671372443 0.32376797311008
0.0159142741467804 0.0658449376933277 0.643964084330946
0.0742346199695021 0.329486890463158 0.112201761920005
0.0633868216536939 0.358350093010813 0.0211238199844956
0.137824422679842 0.400161450263113 0.13942790729925
0.218564463313669 0.169497198658064 0.148290670476854
0.11789351911284 0.887653220677748 0.114529203623533
0.753079842310399 0.592168183764443 0.666644157841802
0.602925266837701 0.0252121319063008 0.921938170213252
0.715009621810168 0.996068202657625 0.40773576288484
0.328618147876114 0.572427754523233 0.247339048190042
0.859570989152417 0.193103581201285 0.219808319583535
0.40243744221516 0.597182417288423 0.591946902684867
0.959210535045713 0.174723577918485 0.45082257152535
0.683486335445195 0.92961196298711 0.943910050438717
0.516358753433451 0.694519388955086 0.31502682203427
0.0356959172058851 0.281062545487657 0.881274147657678
0.545813282718882 0.992844624444842 0.103673426201567
0.977187366457656 0.173415220575407 0.0393386823125184
0.865544985048473 0.0521133125294 0.606713728513569
0.820553382160142 0.73153308336623 0.384619083255529
0.308699860237539 0.649967482546344 0.28656786470674
0.0497482402715832 0.0705991412978619 0.636918850708753
0.0486665305215865 0.461745067033917 0.308288779808208
0.668788048438728 0.444125661393628 0.989483449608088
0.789773982483894 0.160767862340435 0.112720493460074
0.830763441510499 0.196309310151264 0.240540614584461
0.987717994488776 0.543771064840257 0.648463182151318
0.429880507523194 0.998464316595346 0.290331836789846
0.157552078133449 0.833209711592644 0.111622422002256
0.942787206964567 0.49726599175483 0.921063839225098
0.851582575356588 0.388004155131057 0.36602545180358
0.128767001675442 0.51857723086141 0.0778956634458154
0.0447895908728242 0.148248778190464 0.371489349519834
0.755582406185567 0.856238692998886 0.12986625614576
0.248921023448929 0.915235572028905 0.147806998575106
0.374854987720028 0.985744311939925 0.627237160690129
0.386229973984882 0.77204280719161 0.0557458659168333
0.727683460805565 0.38579057273455 0.934640747727826
0.994330424116924 0.410832291003317 0.0391984637826681
0.116906951647252 0.580264706397429 0.458083037752658
0.681230400223285 0.493875886779279 0.605555412825197
0.505348816979676 0.695320968981832 0.151071580126882
0.398468093248084 0.0080255635548383 0.8180364491418
0.678131584543735 0.865995521191508 0.808778451522812
0.111434219405055 0.568061380414292 0.876079476205632
0.722519839182496 0.985315354308113 0.947107426589355
0.44936447404325 0.126273263944313 0.981694161891937
0.330857174703851 0.566282485611737 0.0396033606957644
0.322528133867308 0.657192906131968 0.981235942803323
0.951112834503874 0.657978728646412 0.63238799222745
0.604304487118497 0.156440996797755 0.819130736170337
0.481711285887286 0.27732558734715 0.919938603881747
0.332253343891352 0.811612501507625 0.114129524212331
0.287656165892258 0.406309094512835 0.701310811797157
0.218586499337107 0.882920600706711 0.151162598514929
0.977963455487043 0.701886953553185 0.030248963041231
0.23546573612839 0.254116576863453 0.46669775666669
0.935808091657236 0.085067268460989 0.764349412871525
0.848637728020549 0.200685085263103 0.898981416365132
0.719594550086185 0.891668038675562 0.252893570810556
0.778905576094985 0.270935656968504 0.848064119927585
0.620906339492649 0.764169605216011 0.366954979021102
0.127201186027378 0.444246483035386 0.767406733473763
0.773876926861703 0.00795742683112621 0.111942780669779
0.940364228561521 0.0145408080425113 0.0676758100744337
0.99099833634682 0.0202051913365722 0.110137516399845
0.27473808452487 0.47885282151401 0.601975003955886
0.604973097797483 0.577410148689523 0.200819494901225
0.856611909344792 0.565736900549382 0.332182219484821
0.725420112488791 0.172505760798231 0.222902839304879
0.746211177669466 0.224653511540964 0.549414165550843
0.982164262561128 0.0517177265137434 0.27885699714534
0.134286594344303 0.948450383031741 0.901851009344682
0.41617805371061 0.329534062882885 0.712431367253885
0.104905698215589 0.233590249437839 0.35124504333362
0.759827520232648 0.942619153065607 0.94651659601368
0.235165255144238 0.327384398085997 0.296731432201341
0.152367502916604 0.622498591663316 0.536136806476861
0.737590262899175 0.825740192551166 0.0409204557072371
0.888987624552101 0.90796009474434 0.342925130389631
0.769132223213091 0.748071663314477 0.124714298639446
0.546144899912179 0.154141627484933 0.675674761179835
0.244398221839219 0.0129909294191748 0.478256812784821
0.962624966166914 0.807448022766039 0.542499807896093
0.29160645022057 0.845998777076602 0.496440505841747
0.0952401324175298 0.304206062108278 0.979173833504319
0.825526354368776 0.135140317492187 0.494433135492727
0.0604352252557874 0.315869897138327 0.963763287290931
0.647551913978532 0.767754184314981 0.215313305845484
0.683385728625581 0.134853381663561 0.457866872195154
0.654195436974987 0.307165608974174 0.69631618144922
0.382737755542621 0.448206568602473 0.91040798323229
0.52309273625724 0.78129890281707 0.958630141336471
0.367006977787241 0.570178334135562 0.454472767189145
0.573371310252696 0.272464156383649 0.629107529763132
0.880656088935211 0.886418840382248 0.384504236280918
0.657784532755613 0.765991165302694 0.488033749395981
0.936730989953503 0.259775540791452 0.721108912024647
0.308377650566399 0.293518698308617 0.856532060308382
0.692399609601125 0.793124925810844 0.524323293939233
0.460947994608432 0.244549085153267 0.226591061335057
0.361945832613856 0.982242652913556 0.303373476257548
0.169572512619197 0.334781731246039 0.615975726628676
0.490619120420888 0.750379168428481 0.11158589576371
0.754117993172258 0.201248487690464 0.813974367920309
0.838955657090992 0.607736417092383 0.163965189829469
0.807954515330493 0.730402881745249 0.47334035509266
0.150003501446918 0.156061040004715 0.627226764569059
0.178951655747369 0.218307681847364 0.911596830235794
0.233522906433791 0.359552350593731 0.218993336893618
0.0846186368726194 0.591082860017195 0.423466170672327
0.622293612686917 0.638266292633489 0.331985619617626
0.796465690713376 0.47136134817265 0.901394462911412
0.685306386789307 0.00339443422853947 0.0716558853164315
0.184481642674655 0.417703013634309 0.766001198906451
0.921003999887034 0.570743730757385 0.10029416019097
0.883194506866857 0.784251524833962 0.186759477248415
0.315652142977342 0.239609451266006 0.423274984117597
0.136556180659682 0.655168134253472 0.856973452027887
0.0276635815389454 0.252916592173278 0.23267333349213
0.171414148062468 0.279273147461936 0.747415218967944
0.396041498985142 0.814866411266848 0.539021245669574
0.648657271405682 0.613605730002746 0.374788818182424
0.193392429500818 0.0716104924213141 0.818783131428063
0.0929074254818261 0.0310091997962445 0.636249045375735
0.0765588125213981 0.54285147972405 0.846480688778684
0.373470405116677 0.346545648761094 0.671523417346179
0.929540818557143 0.143727084156126 0.923980531981215
0.677033406915143 0.259557768236846 0.383792204083875
0.39381701964885 0.161920089274645 0.737217112211511
0.936348953517154 0.159802021225914 0.982266162056476
0.887395940953866 0.954982323339209 0.876373911974952
0.627561018569395 0.0649106958881021 0.0420162659138441
0.678460099967197 0.0488312821835279 0.6930653876625
0.864510379033163 0.184764286503196 0.734799335477874
0.947193263331428 0.938789763022214 0.895091299898922
0.872564402641729 0.559238255955279 0.0144597953185439
0.406569406157359 0.209375377977267 0.666139606619254
0.202961992006749 0.605765699176118 0.044397218618542
0.21795523702167 0.762057123240083 0.996528522111475
0.932429682929069 0.274599711177871 0.426961170509458
0.320985857164487 0.0681861261837184 0.257961885537952
0.551432226551697 0.109690052922815 0.220865443348885
0.546824113698676 0.551614994183183 0.0242664671968669
0.318722065305337 0.107718303566799 0.944021035218611
0.250599027145654 0.14555512345396 0.700208769878373
0.156475491356105 0.741025839466602 0.233669287292287
0.859434893354774 0.971364540746436 0.0064934145193547
0.862372397677973 0.965202761813998 0.479993526125327
0.636115290224552 0.63572586607188 0.575877111870795
0.999572633299977 0.803274769568816 0.0764923361130059
0.663571439683437 0.213135665282607 0.0967645512428135
0.382213487755507 0.0738770659081638 0.973898198455572
0.966310017742217 0.279887268086895 0.236902128905058
0.687382712960243 0.986616705311462 0.636686464538798
0.353119989158586 0.610122996848077 0.857908450299874
0.371253899065778 0.227766745956615 0.971089655300602
0.189619092037901 0.130799733335152 0.0438336951192468
0.06516597350128 0.225153768900782 0.344350334024057
0.55737402359955 0.112811990082264 0.489503384102136
0.890750299906358 0.273372336523607 0.410122149158269
0.366622886154801 0.703230262035504 0.324132189387456
0.323075094027445 0.389650890138 0.503275763243437
0.629696211544797 0.685740598710254 0.339431666769087
0.645039029186592 0.667583761038259 0.515735917026177
0.374511140864342 0.230801192345098 0.551275319885463
0.907377971569076 0.341298528714105 0.481489797588438
0.669386389898136 0.993765198625624 0.195811825804412
0.847677750280127 0.579273169394583 0.663583214860409
0.286515498999506 0.0147872914094478 0.811122671933845
0.163914518430829 0.809263135539368 0.270609682193026
0.617316839285195 0.9548297196161 0.69124924368225
0.894418406300247 0.393446966540068 0.385483531048521
0.353602000279352 0.276055314578116 0.643935084575787
0.29125990672037 0.223108282545581 0.878428258700296
0.845806223107502 0.887049326905981 0.29798212624155
0.0629243163857609 0.0997937326319516 0.610709464177489
0.898355333600193 0.885170331923291 0.229828383075073
0.00425761193037033 0.393337404122576 0.0172729708719999
0.946930579608306 0.485938961617649 0.630717694293708
0.428383676568046 0.700751833384857 0.65330472541973
0.806717111030594 0.395533161470667 0.0504689677618444
0.489939805818722 0.076036537764594 0.217867734609172
0.17166324169375 0.153481544926763 0.389280433068052
0.429145002039149 0.777310663834214 0.271550477016717
0.125705406768247 0.0718576468061656 0.926209800178185
0.353183394996449 0.708774254890159 0.387916619423777
0.703337268671021 0.956116519868374 0.565044780261815
0.790238126879558 0.693370917579159 0.942369654774666
0.223408401245251 0.00321346591226757 0.663914050208405
0.943703524069861 0.521691108588129 0.46762510179542
0.783395145321265 0.339006549445912 0.417390163289383
0.549059972865507 0.258140481775627 0.794032413512468
0.817283672746271 0.668530300492421 0.844924252480268
0.941792712314054 0.502105703577399 0.744115945184603
0.332321617752314 0.575801590224728 0.44016005541198
0.646835019579157 0.944509385386482 0.648915759054944
0.23194187390618 0.315289650810882 0.832105352310464
0.404490283224732 0.407835146877915 0.999620743794367
0.922659307252616 0.196553057059646 0.0449249590747058
0.830422505037859 0.994792171288282 0.391786976251751
0.750755685381591 0.896415190771222 0.501811667345464
0.896550237666816 0.417082693660632 0.175713679287583
0.580403552856296 0.15851293806918 0.49425486032851
0.493954204954207 0.203291465295479 0.580792001681402
0.642399178352207 0.24963396647945 0.0363528297748417
0.257628092076629 0.153633086709306 0.437153502833098
0.599362715380266 0.0219426301773638 0.973035992588848
0.148548315279186 0.599578244844452 0.359194341115654
0.240837486693636 0.731859367573634 0.479211235651746
0.214251547120512 0.302018396090716 0.664824049919844
0.0497773215174675 0.335983255179599 0.234363491879776
0.960981274256483 0.0739411432296038 0.77568389987573
0.256026237970218 0.0264619179069996 0.334947458002716
0.144473691936582 0.632652644999325 0.951604879694059
0.296060755383223 0.681137194624171 0.032296646386385
0.954161334084347 0.559291522018611 0.782411375083029
0.569587523350492 0.135123248910531 0.432931605959311
0.969848914304748 0.728954065125436 0.143957869848236
0.456743407063186 0.987561409594491 0.362472326960415
0.94974351557903 0.0574792108964175 0.945431698346511
0.143850558204576 0.189601180842146 0.293079661438242
0.254520951071754 0.544033196289092 0.0218623620457947
0.182407290907577 0.817998207407072 0.0546547346748412
0.99143744003959 0.352008902234957 0.0514396408107132
0.47217127867043 0.0396603280678391 0.291149475378916
0.148915866389871 0.711118086241186 0.62717315973714
0.282360529061407 0.244405056815594 0.879642914514989
0.26080930326134 0.179707446601242 0.405440961709246
0.958056913223118 0.592502942075953 0.981771915452555
0.859029387589544 0.476537594106048 0.529613737715408
0.589782022405416 0.40027342364192 0.362514321692288
0.427601657807827 0.113407518481836 0.0730375037528574
0.775166982086375 0.486203735461459 0.815041185822338
0.602763637434691 0.09079485735856 0.938463380560279
0.894389021443203 0.757448061369359 0.105138403596357
0.4527344442904 0.775200186530128 0.291163665940985
0.970516164787114 0.0101498360745609 0.812340046511963
